6.000000000000000000e+01 6.000000000000000000e+01
1.200000000000000000e+02 6.000000000000000000e+01
1.800000000000000000e+02 6.000000000000000000e+01
2.400000000000000000e+02 6.000000000000000000e+01
3.000000000000000000e+02 6.000000000000000000e+01
3.600000000000000000e+02 6.000000000000000000e+01
4.200000000000000000e+02 6.000000000000000000e+01
4.800000000000000000e+02 6.000000000000000000e+01
5.400000000000000000e+02 6.000000000000000000e+01
6.000000000000000000e+02 6.000000000000000000e+01
6.600000000000000000e+02 6.000000000000000000e+01
7.200000000000000000e+02 6.000000000000000000e+01
7.800000000000000000e+02 6.000000000000000000e+01
8.400000000000000000e+02 6.000000000000000000e+01
9.000000000000000000e+02 6.000000000000000000e+01
9.600000000000000000e+02 6.000000000000000000e+01
1.020000000000000000e+03 6.000000000000000000e+01
1.080000000000000000e+03 6.000000000000000000e+01
1.140000000000000000e+03 6.000000000000000000e+01
1.200000000000000000e+03 6.000000000000000000e+01
1.260000000000000000e+03 6.000000000000000000e+01
1.320000000000000000e+03 6.000000000000000000e+01
1.380000000000000000e+03 6.000000000000000000e+01
1.440000000000000000e+03 6.000000000000000000e+01
1.500000000000000000e+03 6.000000000000000000e+01
1.560000000000000000e+03 6.000000000000000000e+01
1.620000000000000000e+03 6.000000000000000000e+01
1.680000000000000000e+03 6.000000000000000000e+01
1.740000000000000000e+03 6.000000000000000000e+01
1.800000000000000000e+03 6.000000000000000000e+01
1.860000000000000000e+03 6.000000000000000000e+01
1.920000000000000000e+03 6.000000000000000000e+01
1.980000000000000000e+03 6.000000000000000000e+01
2.040000000000000000e+03 6.000000000000000000e+01
2.100000000000000000e+03 6.000000000000000000e+01
2.160000000000000000e+03 6.000000000000000000e+01
2.220000000000000000e+03 6.000000000000000000e+01
2.278891169846899174e+03 5.889116984689923839e+01
2.336319013545563848e+03 5.742784369866478045e+01
2.392427774222717744e+03 5.610876067715393845e+01
2.447352424500249072e+03 5.492465027753144824e+01
2.501212073036396760e+03 5.385964853614753878e+01
2.554111636193706090e+03 5.289956315730948688e+01
2.606144296807575302e+03 5.203266061386918295e+01
2.657393425737545840e+03 5.124912892997055991e+01
2.707598494127593312e+03 5.020506839004750788e+01
2.756487814445825279e+03 4.888932031823188851e+01
2.804160015125804875e+03 4.767220067997963184e+01
2.850702868693767414e+03 4.654285356796250284e+01
2.896194847883887633e+03 4.549197919012021885e+01
2.940706382758561176e+03 4.451153487467360748e+01
2.984300927479722759e+03 4.359454472116176049e+01
3.027035868606951681e+03 4.273494112722910643e+01
3.068963275990532111e+03 4.192740738358048702e+01
3.110130535458101349e+03 4.116725946756933752e+01
3.150580896459760424e+03 4.045036100165901161e+01
3.190353940517974934e+03 3.977304405821431033e+01
3.229485975556634457e+03 3.913203503865936028e+01
3.268010398637385151e+03 3.852442308075091404e+01
3.305957983209605118e+03 3.794758457222008730e+01
3.343357149656732417e+03 3.739916644712726423e+01
3.380234203572879778e+03 3.687705391614748862e+01
3.416613525915053742e+03 3.637932234217378635e+01
3.452517765168703590e+03 3.590423925364998325e+01
3.487967988766888993e+03 3.545022359818528912e+01
3.522983837304851932e+03 3.501584853796298802e+01
3.557583637774530871e+03 3.459980046967901757e+01
3.591784520428048836e+03 3.420088265351807166e+01
3.625602520955223099e+03 3.381800052717410665e+01
6.619427204132080078e-01 6.619427204132080078e-01
