0 5.20833e-08
300 1.73611e-08
600 2.60417e-08
900 8.68056e-09
1200 3.47222e-08
1500 8.68056e-08
1800 6.07639e-08
2100 3.47222e-08
2400 1.73611e-08
2700 3.47222e-08
3000 4.34028e-08
3300 1.73611e-08
3600 0
3900 1.73611e-08
4200 2.60417e-08
4500 7.8125e-08
4800 1.21528e-07
5100 8.68056e-08
5400 2.60417e-08
5700 5.20833e-08
6000 4.34028e-08
6300 0
6600 0
6900 0
7200 0
7500 0
7800 0
8100 0
8400 0
8700 0
9000 0
9300 0
9600 0
9900 0
10200 0
10500 0
10800 0
11100 0
11400 0
11700 0
12000 0
12300 0
12600 1.04167e-07
12900 1.12847e-07
13200 1.73611e-07
13500 2.17014e-07
13800 2.08333e-07
14100 9.54861e-08
14400 8.68056e-08
14700 2.17014e-07
15000 3.55903e-07
15300 4.77431e-07
15600 6.59722e-07
15900 6.59722e-07
16200 1.22396e-06
16500 7.63889e-07
16800 6.42361e-07
17100 3.81944e-07
17400 3.47222e-07
17700 4.25347e-07
18000 3.73264e-07
18300 3.38542e-07
18600 3.21181e-07
18900 2.86458e-07
19200 1.21528e-07
19500 9.54861e-08
19800 9.54861e-08
20100 3.03819e-07
20400 2.08333e-07
20700 6.94444e-08
21000 6.94444e-08
21300 8.68056e-08
21600 1.64931e-07
21900 5.20833e-08
22200 4.34028e-08
22500 2.60417e-08
22800 3.47222e-08
23100 0
23400 3.47222e-08
23700 2.60417e-08
24000 2.60417e-08
24300 6.07639e-08
24600 0
24900 0
25200 8.68056e-09
25500 0
25800 5.20833e-08
26100 8.68056e-09
26400 4.34028e-08
26700 8.68056e-09
27000 0
27300 0
27600 0
27900 0
28200 0
28500 0
28800 0
29100 0
29400 0
29700 0
30000 0
30300 0
30600 0
30900 0
31200 0
31500 0
31800 9.54861e-08
32100 8.68056e-08
32400 7.8125e-07
32700 3.81944e-07
33000 4.60069e-07
33300 6.33681e-07
33600 5.64236e-07
33900 7.29167e-07
34200 9.11458e-07
34500 3.29861e-07
34800 2.17014e-07
35100 8.68056e-08
35400 9.54861e-08
35700 0
36000 2.60417e-08
36300 4.34028e-08
36600 0
36900 0
37200 0
37500 0
37800 0
38100 0
38400 0
38700 0
39000 0
39300 0
39600 0
39900 0
40200 0
40500 1.99653e-07
40800 0
41100 0
41400 0
41700 0
42000 0
42300 0
42600 0
42900 0
43200 0
43500 0
43800 0
44100 0
44400 0
44700 0
45000 5.20833e-08
45300 2.25694e-07
45600 2.60417e-08
45900 0
46200 6.07639e-08
46500 8.68056e-08
46800 1.73611e-08
47100 5.38194e-07
47400 1.21528e-07
47700 0
48000 0
48300 0
48600 0
48900 0
49200 0
49500 5.90278e-07
49800 1.30208e-07
50100 0
50400 0
50700 0
51000 0
51300 2.25694e-07
51600 0
51900 0
52200 0
52500 0
52800 0
53100 0
53400 0
53700 2.60417e-08
54000 6.83333e-05
54300 1.3967e-05
54600 1.53125e-05
54900 7.09201e-06
55200 4.51389e-07
55500 4.98264e-06
55800 2.02257e-06
56100 2.60417e-07
56400 1.38889e-07
56700 1.00694e-06
57000 2.02257e-06
57300 8.60243e-06
57600 1.11285e-05
57900 4.1059e-06
58200 1.64931e-06
58500 1.18056e-06
58800 8.94097e-07
59100 5.68576e-06
59400 9.28819e-07
59700 3.26389e-06
60000 8.68056e-08
60300 8.94097e-07
60600 7.29167e-07
60900 3.47222e-07
61200 3.47222e-07
61500 2.02257e-06
61800 6.94444e-08
62100 1.73611e-08
62400 1.73611e-08
62700 4.34028e-08
63000 0
63300 0
63600 0
63900 0
64200 0
64500 0
64800 1.73611e-08
65100 2.60417e-08
65400 0
65700 0
66000 0
66300 0
66600 0
66900 0
67200 0
67500 0
67800 0
68100 8.68056e-09
68400 0
68700 0
69000 0
69300 0
69600 0
69900 0
70200 0
70500 0
70800 0
71100 0
71400 0
71700 0
72000 0
72300 0
72600 0
72900 0
73200 0
73500 0
73800 0
74100 0
74400 0
74700 0
75000 0
75300 0
75600 0
75900 0
76200 0
76500 0
76800 0
77100 0
77400 0
77700 0
78000 0
78300 0
78600 0
78900 0
79200 0
79500 0
79800 0
80100 0
80400 0
80700 0
81000 0
81300 0
81600 0
81900 0
82200 0
82500 0
82800 0
83100 0
83400 0
83700 0
84000 0
84300 0
84600 0
84900 0
85200 0
85500 0
85800 0
86100 0
